compare=passes
group=MC_LHC23k4g_vs_LHC23pp_apass4
periods_mc=LHC23k4f,LHC23k4g
jira=O2-4780
passes=apass4,passMC
ref_pass=apass4
runs:
535069
535084
535085
535087
535345
535365
535475
535476
535478
535479
535480
535514
535517
535525
535526
535545
535563
535566
535613
535621
535623
535624
535627
535644
535645
535711
535716
535721
535722
535725
535923
535941
535964
535966
535983
535999
536020
536025
536055
536106
536108
536176
536199
536235
536236
536237
536238
536239
536401
536402
536403
536416
536461
536487
536488
536489
536490
536545
536547
536548
536606
536607
536608
536609
536610
536611
536612
536613
536663
536683
536685
536757
536762
536774
536790
536822
536839
536842
536843
536848
536898
536899
536906
536908
536957
536968
536969
536971
537247
537249
537251
537274
537276
537397
537401
537411
537425
537426
537447
537448
537449
537464
537465
537466
537480
537504
537505
537509
537511
537531
537546
537547
537549
537551
537553
537594
537602
537605
537622
537623
537632
537636
537645
537658
537659
537660
537661
537663
537734
537736
537737
537739
537740
537769
537770
537812
537822
537825
537826
537827
537829
537836
537853
537855
537861
537864
537865
537867
537870
537893
537897
537899
537900
537901
537903
537912
537934
537941
537959
537960
537963
537965
538018
538923
538931
538932
538933
538956
538958
538960
538961
538964
538966
538967
538968
538970
539008
539058
539071
539086
539087
539088
539089
539107
539108
539129
539130
539132
539133
539304
539305
539307
539308
539309
539314
539315
539316
539317
539331
539332
539333
539339
539443
539444
539445
539466
539480
539481
539482
539483
539501
539517
539531
539556
539557
539580
539622
539623
539636
539637
539638
539644
539646
539647
539649
539700
539873
539874
539875
539876
539877
539882
539883
539884
539906
539908